[[1357423200000, 97],
[1358028000000, 94],
[1358632800000, 93],
[1359237600000, 89],
[1359842400000, 94],
[1360447200000, 97],
[1361052000000, 96],
[1361656800000, 87],
[1362261600000, 87],
[1362866400000, 72],
[1363471200000, 76],
[1364076000000, 70],
[1364680800000, 56],
[1365282000000, 88],
[1365886800000, 82],
[1366491600000, 66],
[1367096400000, 74],
[1367701200000, 67],
[1368306000000, 70],
[1368910800000, 80],
[1369515600000, 58],
[1370120400000, 54],
[1370725200000, 60],
[1371330000000, 90],
[1371934800000, 75],
[1372539600000, 75],
[1373144400000, 62],
[1373749200000, 68],
[1374354000000, 70],
[1374958800000, 74],
[1375563600000, 80],
[1376168400000, 77],
[1376773200000, 88],
[1377378000000, 66],
[1377982800000, 88],
[1378587600000, 81],
[1379192400000, 81],
[1379797200000, 82],
[1380402000000, 85],
[1381006800000, 89],
[1381611600000, 87],
[1382216400000, 82],
[1382821200000, 98],
[1383429600000, 99],
[1384034400000, 92],
[1384639200000, 63],
[1385244000000, 81],
[1385848800000, 79],
[1386453600000, 90],
[1387058400000, 98],
[1387663200000, 86],
[1388268000000, 95]]
