[[1357423200000, -4],
[1358028000000, -4],
[1358632800000, -6],
[1359237600000, -1],
[1359842400000, -2],
[1360447200000, 0],
[1361052000000, 0],
[1361656800000, -1],
[1362261600000, -5],
[1362866400000, -5],
[1363471200000, 0],
[1364076000000, 2],
[1364680800000, 8],
[1365282000000, 2],
[1365886800000, 8],
[1366491600000, 10],
[1367096400000, 10],
[1367701200000, 9],
[1368306000000, 15],
[1368910800000, 21],
[1369515600000, 21],
[1370120400000, 28],
[1370725200000, 20],
[1371330000000, 15],
[1371934800000, 22],
[1372539600000, 21],
[1373144400000, 23],
[1373749200000, 24],
[1374354000000, 19],
[1374958800000, 26],
[1375563600000, 23],
[1376168400000, 22],
[1376773200000, 21],
[1377378000000, 22],
[1377982800000, 18],
[1378587600000, 23],
[1379192400000, 17],
[1379797200000, 15],
[1380402000000, 9],
[1381006800000, 13],
[1381611600000, 13],
[1382216400000, 6],
[1382821200000, 11],
[1383429600000, 6],
[1384034400000, 7],
[1384639200000, 9],
[1385244000000, 2],
[1385848800000, 4],
[1386453600000, -5],
[1387058400000, 5],
[1387663200000, 6],
[1388268000000, 5]]
